Classification Report:

              precision    recall  f1-score


           0       0.95      1.00      0.98
           1       1.00      1.00      1.00
           2       0.98      1.00      0.99
           3       1.00      1.00      1.00
           4       1.00      0.93      0.96
           5       1.00      1.00      1.00
           6       1.00      1.00      1.00
           7       1.00      0.96      0.98
           8       0.96      1.00      0.98
           9       1.00      1.00      1.00
           A       0.97      1.00      0.99
           B       0.98      1.00      0.99
           C       1.00      1.00      1.00
           D       1.00      0.97      0.99
           E       1.00      1.00      1.00
           F       1.00      1.00      1.00
           G       1.00      1.00      1.00
           H       1.00      1.00      1.00
           I       1.00      1.00      1.00
           J       1.00      1.00      1.00
           K       1.00      1.00      1.00
           L       1.00      1.00      1.00
           M       1.00      0.98      0.99
           N       1.00      1.00      1.00
           O       0.97      0.97      0.97
           P       1.00      0.98      0.99
           Q       0.97      1.00      0.99
           R       1.00      1.00      1.00
           S       1.00      0.98      0.99
           T       1.00      1.00      1.00
           U       1.00      1.00      1.00
           V       1.00      1.00      1.00
           W       1.00      1.00      1.00
           X       1.00      1.00      1.00
           Y       1.00      1.00      1.00
           Z       1.00      1.00      1.00

    accuracy                           0.99
   macro avg       0.99      0.99      0.99
weighted avg       0.99      0.99      0.99
